Hex sent       Integer     Float         Integer     Float
by app            representation            bit shifted
--------       ----------  -------       ----------  -------
3c370034,      1010237492, 0.01117,      1013842336, 0.01453
3d59683e,      1029269566, 0.05308,      1035182576, 0.08771
3d656042,      1030053954, 0.05600,      1036747280, 0.09937
3d705845,      1030772805, 0.05868,      1038180904, 0.11005
3d7c5048,      1031557192, 0.06160,      1039745600, 0.12171
3d092027,      1024008231, 0.03348,      1024622904, 0.03577
3d17762b,      1024947755, 0.03698,      1026546008, 0.04293
3d20102e,      1025511470, 0.03908,      1027621232, 0.04694
3d264c30,      1025920048, 0.04060,      1028469120, 0.05010
3d2c0831,      1026295857, 0.04200,      1029185928, 0.05277
3d314433,      1026638899, 0.04328,      1029902744, 0.05544
3d3d3c36,      1027423286, 0.04620,      1031467440, 0.06127
3d427838,      1027766328, 0.04748,      1032184256, 0.06537
3d483439,      1028142137, 0.04888,      1032901064, 0.07071
3d4e703b,      1028550715, 0.05040,      1033748952, 0.07703
3d542c3d,      1028926525, 0.05180,      1034465768, 0.08237
3d656042,      1030053954, 0.05600,      1036747280, 0.09937
3d6b1c43,      1030429763, 0.05740,      1037464088, 0.10471
3d705845,      1030772805, 0.05868,      1038180904, 0.11005
3d761446,      1031148614, 0.06008,      1038897712, 0.11539
3d7c5048,      1031557192, 0.06160,      1039745600, 0.12171
3e010625,      1040254501, 0.12600,      1040324904, 0.12705
3e036426,      1040409638, 0.12831,      1040683312, 0.13239
3e064227,      1040597543, 0.13111,      1041041720, 0.13773
3e092027,      1040785447, 0.13391,      1041400120, 0.14307
3e0c7e28,      1041006120, 0.13720,      1041889600, 0.15036
3e0f5c29,      1041194025, 0.14000,      1042248008, 0.15571
3e123a2a,      1041381930, 0.14280,      1042606416, 0.16105
3e15182b,      1041569835, 0.14560,      1042964824, 0.16639
3e17762b,      1041724971, 0.14791,      1043323224, 0.17173
3e1a542c,      1041912876, 0.15071,      1043681632, 0.17707
3e1d322d,      1042100781, 0.15351,      1044040040, 0.18241
3e20102e,      1042288686, 0.15631,      1044398448, 0.18775
3e236e2f,      1042509359, 0.15960,      1044887928, 0.19504
3e2a7e7a,      1042972282, 0.16650,      1045822416, 0.20897
3e2c0831,      1043073073, 0.16800,      1045963144, 0.21107
3e2e6632,      1043228210, 0.17031,      1046321552, 0.21641
3e314433,      1043416115, 0.17311,      1046679960, 0.22175
3e342234,      1043604020, 0.17591,      1047038368, 0.22709
3e370034,      1043791924, 0.17871,      1047396768, 0.23243
3e3a5e35,      1044012597, 0.18200,      1047886248, 0.23972
3e3d3c36,      1044200502, 0.18480,      1048244656, 0.24506
3e401a37,      1044388407, 0.18760,      1048603064, 0.25081
3e427838,      1044543544, 0.18991,      1048961472, 0.26149
3e483439,      1044919353, 0.19551,      1049678280, 0.28285
3e4f4505,      1045382405, 0.20241,      1050612776, 0.31070
3e514e3c,      1045515836, 0.20440,      1050884576, 0.31880
3e547a61,      1045723745, 0.20750,      1051323144, 0.33187
3e570a3d,      1045891645, 0.21000,      1051601384, 0.34016
3e59683e,      1046046782, 0.21231,      1051959792, 0.35084
3e5d1464,      1046287460, 0.21590,      1052398368, 0.36392
3e5f2440,      1046422592, 0.21791,      1052676608, 0.37221
3e620241,      1046610497, 0.22071,      1053035016, 0.38289
3e656042,      1046831170, 0.22400,      1053524496, 0.39748
3e683e42,      1047019074, 0.22680,      1053882896, 0.40816
3e6b1c43,      1047206979, 0.22960,      1054241304, 0.41884
3e6f6944,      1047488836, 0.23380,      1054844448, 0.43681
3e705845,      1047550021, 0.23471,      1054958120, 0.44020
3e733646,      1047737926, 0.23751,      1055316528, 0.45088
3e761446,      1047925830, 0.24031,      1055674928, 0.46156
3e792635,      1048127029, 0.24331,      1056086440, 0.47383
3e7c5048,      1048334408, 0.24640,      1056522816, 0.48683
========
3e011340,      1040257856, 0.12605,      1040338432, 0.12725
3e020241,      1040319041, 0.12696,      1040452104, 0.12894
3e037141,      1040412993, 0.12836,      1040696840, 0.13259
3e056042,      1040539714, 0.13025,      1040941584, 0.13624
3e064f42,      1040600898, 0.13116,      1041055248, 0.13793
3e083e42,      1040727618, 0.13305,      1041299984, 0.14158
3e092d43,      1040788803, 0.13396,      1041413656, 0.14327
3e0b1c43,      1040915523, 0.13585,      1041658392, 0.14692
3e0d280d,      1041049613, 0.13785,      1041932392, 0.15100
3e0d7a44,      1041070660, 0.13816,      1042016800, 0.15226
3e0f6944,      1041197380, 0.14005,      1042261536, 0.15591
3e152546,      1041573190, 0.14565,      1042978352, 0.16659
3e181062,      1041764450, 0.14850,      1043350288, 0.17213
3e197247,      1041855047, 0.14985,      1043581496, 0.17558
3e1c5048,      1042042952, 0.15265,      1043939904, 0.18092
3e1d3f48,      1042104136, 0.15356,      1044053568, 0.18261
3e1f2e49,      1042230857, 0.15545,      1044298312, 0.18626
3e201d49,      1042292041, 0.15636,      1044411976, 0.18795
3e237b4a,      1042512714, 0.15965,      1044901456, 0.19525
3e246a4b,      1042573899, 0.16056,      1045015128, 0.19694
3e267302,      1042707202, 0.16255,      1045285904, 0.20097
3e27484b,      1042761803, 0.16336,      1045373528, 0.20228
3e29374c,      1042888524, 0.16525,      1045618272, 0.20593
3e2a264c,      1042949708, 0.16616,      1045731936, 0.20762
3e2c154d,      1043076429, 0.16805,      1045976680, 0.21127
3e2d044d,      1043137613, 0.16896,      1046090344, 0.21296
3e2e734d,      1043231565, 0.17036,      1046335080, 0.21661
3e30624e,      1043358286, 0.17225,      1046579824, 0.22025
3e33404f,      1043546191, 0.17505,      1046938232, 0.22560
3e345621,      1043617313, 0.17611,      1047091464, 0.22788
3e361e4f,      1043734095, 0.17785,      1047296632, 0.23094
3e370d50,      1043795280, 0.17876,      1047410304, 0.23263
3e393350,      1043936080, 0.18086,      1047711360, 0.23712
3e3a6b51,      1044015953, 0.18205,      1047899784, 0.23992
3e3b5a51,      1044077137, 0.18296,      1048013448, 0.24162
3e3d4952,      1044203858, 0.18485,      1048258192, 0.24526
3e3e3852,      1044265042, 0.18576,      1048371856, 0.24696
3e411653,      1044452947, 0.18856,      1048730264, 0.25460
3e430553,      1044579667, 0.19045,      1048975000, 0.26189
3e456354,      1044734804, 0.19276,      1049333408, 0.27257
3e475254,      1044861524, 0.19465,      1049578144, 0.27987
3e484155,      1044922709, 0.19556,      1049691816, 0.28325
3e4a3055,      1045049429, 0.19745,      1049936552, 0.29055
3e4b1f56,      1045110614, 0.19836,      1050050224, 0.29394
3e4d0e56,      1045237334, 0.20025,      1050294960, 0.30123
3e4e7d56,      1045331286, 0.20165,      1050539696, 0.30852
3e4f6c57,      1045392471, 0.20256,      1050653368, 0.31191
3e524a58,      1045580376, 0.20536,      1051011776, 0.32259
3e552858,      1045768280, 0.20816,      1051370176, 0.33327
3e571759,      1045895001, 0.21005,      1051614920, 0.34057
3e580659,      1045956185, 0.21096,      1051728584, 0.34395
3e5b645a,      1046176858, 0.21425,      1052218064, 0.35854
3e5c535b,      1046238043, 0.21516,      1052331736, 0.36193
3e5e425b,      1046364763, 0.21705,      1052576472, 0.36922
3e5f315b,      1046425947, 0.21796,      1052690136, 0.37261
3e61205c,      1046552668, 0.21985,      1052934880, 0.37990
3e620f5c,      1046613852, 0.22076,      1053048544, 0.38329
3e665c5d,      1046895709, 0.22496,      1053651688, 0.40127
3e684b5e,      1047022430, 0.22685,      1053896432, 0.40856
3e6b295f,      1047210335, 0.22965,      1054254840, 0.41924
3e6c185f,      1047271519, 0.23056,      1054368504, 0.42263
3e6e075f,      1047398239, 0.23245,      1054613240, 0.42992
3e6f7660,      1047492192, 0.23385,      1054857984, 0.43722
3e706560,      1047553376, 0.23476,      1054971648, 0.44061
3e725461,      1047680097, 0.23665,      1055216392, 0.44790
3e753261,      1047868001, 0.23945,      1055574792, 0.45858
3e762162,      1047929186, 0.24036,      1055688464, 0.46197
3e781062,      1048055906, 0.24225,      1055933200, 0.46926
3e797f63,      1048149859, 0.24365,      1056177944, 0.47656
3e7a6e63,      1048211043, 0.24456,      1056291608, 0.47994
3e7c5d64,      1048337764, 0.24645,      1056536352, 0.48724
3e7d4c64,      1048398948, 0.24736,      1056650016, 0.49062
3e7f3b64,      1048525668, 0.24925,      1056894752, 0.49792
========
3f005b40,      1056987968, 0.50139,      1057058304, 0.50558
3f02156a,      1057101162, 0.50814,      1057249104, 0.51696
3f031501,      1057166593, 0.51204,      1057379336, 0.52472
3f053574,      1057305972, 0.52035,      1057675168, 0.54235
3f061742,      1057363778, 0.52379,      1057775120, 0.54831
3f064f42,      1057378114, 0.52465,      1057832464, 0.55173
3f070642,      1057424962, 0.52744,      1057888784, 0.55509
3f081375,      1057493877, 0.53155,      1058033576, 0.56372
3f087543,      1057518915, 0.53304,      1058133528, 0.56967
3f092d43,      1057566019, 0.53585,      1058190872, 0.57309
3f0a6443,      1057645635, 0.54059,      1058378264, 0.58426
3f0b367a,      1057699450, 0.54380,      1058462672, 0.58929
3f0b5343,      1057706819, 0.54424,      1058491928, 0.59104
3f0c0b44,      1057753924, 0.54705,      1058549280, 0.59445
3f0d4244,      1057833540, 0.55179,      1058736672, 0.60562
3f0d7336,      1057846070, 0.55254,      1058786736, 0.60861
3f0e5604,      1057904132, 0.55600,      1058887712, 0.61463
3f0e3144,      1057894724, 0.55544,      1058850336, 0.61240
3f0f6944,      1057974596, 0.56020,      1059038752, 0.62363
3f102045,      1058021445, 0.56299,      1059095080, 0.62699
3f105845,      1058035781, 0.56385,      1059152424, 0.63040
3f110f45,      1058082629, 0.56664,      1059208744, 0.63376
3f124745,      1058162501, 0.57140,      1059397160, 0.64499
3f127e45,      1058176581, 0.57224,      1059453480, 0.64835
3f133646,      1058223686, 0.57505,      1059510832, 0.65177
3f146d46,      1058303302, 0.57979,      1059698224, 0.66294
3f152546,      1058350406, 0.58260,      1059755568, 0.66635
3f155c46,      1058364486, 0.58344,      1059811888, 0.66971
3f161446,      1058411590, 0.58625,      1059869232, 0.67313
3f174b47,      1058491207, 0.59099,      1060056632, 0.68430
3f180347,      1058538311, 0.59380,      1060113976, 0.68772
3f183a47,      1058552391, 0.59464,      1060170296, 0.69107
3f197247,      1058632263, 0.59940,      1060358712, 0.70230
3f1a2947,      1058679111, 0.60219,      1060415032, 0.70566
3f1a6148,      1058693448, 0.60305,      1060472384, 0.70908
3f1b1848,      1058740296, 0.60584,      1060528704, 0.71244
3f1d5c7b,      1058888827, 0.61469,      1060860888, 0.73224
3f1d3f48,      1058881352, 0.61425,      1060830784, 0.73044
3f1e7649,      1058960969, 0.61899,      1061018184, 0.74161
3f1f2e49,      1059008073, 0.62180,      1061075528, 0.74503
3f1f6549,      1059022153, 0.62264,      1061131848, 0.74839
3f220c4a,      1059195978, 0.63300,      1061433936, 0.76639
3f237b4a,      1059289930, 0.63860,      1061678672, 0.78098
3f246a4b,      1059351115, 0.64225,      1061792344, 0.78776
3f26594b,      1059477835, 0.64980,      1062037080, 0.80234
3f27104b,      1059524683, 0.65259,      1062093400, 0.80570
3f27484b,      1059539019, 0.65345,      1062150744, 0.80912
3f281375,      1059591029, 0.65655,      1062227880, 0.81372
3f29374c,      1059665740, 0.66100,      1062395488, 0.82371
3f296e4c,      1059679820, 0.66184,      1062451808, 0.82706
3f2a264c,      1059726924, 0.66465,      1062509152, 0.83048
3f2c154d,      1059853645, 0.67220,      1062753896, 0.84507
3f2d044d,      1059914829, 0.67585,      1062867560, 0.85184
3f2f2a4e,      1060055630, 0.68424,      1063168624, 0.86979
3f30624e,      1060135502, 0.68900,      1063357040, 0.88102
3f31194e,      1060182350, 0.69179,      1063413360, 0.88438
3f31514e,      1060196686, 0.69265,      1063470704, 0.88779
3f32084e,      1060243534, 0.69544,      1063527024, 0.89115
3f33404f,      1060323407, 0.70020,      1063715448, 0.90238
3f33774f,      1060337487, 0.70104,      1063771768, 0.90574
3f342f4f,      1060384591, 0.70385,      1063829112, 0.90916
3f35664f,      1060464207, 0.70859,      1064016504, 0.92033
3f367a10,      1060534800, 0.71280,      1064167552, 0.92933
3f365550,      1060525392, 0.71224,      1064130176, 0.92710
3f370d50,      1060572496, 0.71505,      1064187520, 0.93052
3f384450,      1060652112, 0.71979,      1064374912, 0.94169
3f391607,      1060705799, 0.72299,      1064458296, 0.94666
3f393350,      1060713296, 0.72344,      1064488576, 0.94846
3f3a6b51,      1060793169, 0.72820,      1064677000, 0.95969
3f3b2251,      1060840017, 0.73099,      1064733320, 0.96305
3f3b5a51,      1060854353, 0.73185,      1064790664, 0.96647
3f3c1151,      1060901201, 0.73464,      1064846984, 0.96983
3f3d566d,      1060984429, 0.73960,      1065048936, 0.98186
3f3e0052,      1061027922, 0.74219,      1065091728, 0.98441
3f3e3852,      1061042258, 0.74305,      1065149072, 0.98783
3f406560,      1061184864, 0.75155,      1065457408, 1.01242
3f425461,      1061311585, 0.75910,      1065702152, 1.04160
3f434361,      1061372769, 0.76275,      1065815816, 1.05515
3f445014,      1061441556, 0.76685,      1065959584, 1.07228
3f453261,      1061499489, 0.77030,      1066060552, 1.08432
3f456962,      1061513570, 0.77114,      1066116880, 1.09104
3f462162,      1061560674, 0.77395,      1066174224, 1.09787
3f475862,      1061640290, 0.77869,      1066361616, 1.12021
3f481062,      1061687394, 0.78150,      1066418960, 1.12705
3f492323,      1061757731, 0.78569,      1066568984, 1.14493
3f495415,      1061770261, 0.78644,      1066619048, 1.15090
3f4c5d64,      1061969252, 0.79830,      1067022112, 1.19895
3f4d4c64,      1062030436, 0.80195,      1067135776, 1.21250
3f4f3b64,      1062157156, 0.80950,      1067380512, 1.24167
3f504817,      1062225943, 0.81360,      1067524280, 1.25881
3f502a65,      1062218341, 0.81315,      1067494184, 1.25522
3f513717,      1062287127, 0.81725,      1067637944, 1.27236
3f521965,      1062345061, 0.82070,      1067738920, 1.28440
3f525e01,      1062362625, 0.82175,      1067808776, 1.29273
3f530866,      1062406246, 0.82435,      1067852592, 1.29795
3f550401,      1062536193, 0.83209,      1068109832, 1.32861
3f552e66,      1062547046, 0.83274,      1068153648, 1.33384
3f594467,      1062814823, 0.84870,      1068700472, 1.39902
3f597b67,      1062828903, 0.84954,      1068756792, 1.40574
3f5b081a,      1062930458, 0.85559,      1068900560, 1.42288
3f5b6a68,      1062955624, 0.85709,      1069001536, 1.43491
3f5c2268,      1063002728, 0.85990,      1069058880, 1.44175
3f5c5968,      1063016808, 0.86074,      1069115200, 1.44846
3f5e4869,      1063143529, 0.86829,      1069359944, 1.47764
3f615e6a,      1063345770, 0.88035,      1069775696, 1.52720
3f62156a,      1063392618, 0.88314,      1069832016, 1.53391
3f634d6a,      1063472490, 0.88790,      1070020432, 1.55638
3f64046a,      1063519338, 0.89069,      1070076752, 1.56309
3f643c6a,      1063533674, 0.89155,      1070134096, 1.56993
3f65736b,      1063613291, 0.89629,      1070321496, 1.59227
3f662b6b,      1063660395, 0.89910,      1070378840, 1.59910
3f671a6b,      1063721579, 0.90275,      1070492504, 1.61265
3f68516c,      1063801196, 0.90749,      1070679904, 1.63499
3f69096c,      1063848300, 0.91030,      1070737248, 1.64183
3f69406c,      1063862380, 0.91114,      1070793568, 1.64854
3f6a786c,      1063942252, 0.91590,      1070981984, 1.67100
3f6b2f6c,      1063989100, 0.91869,      1071038304, 1.67772
3f6b7b16,      1064008470, 0.91985,      1071115440, 1.68691
3f6c1e6d,      1064050285, 0.92234,      1071151976, 1.69127
3f6d2b1f,      1064119071, 0.92644,      1071295736, 1.70840
3f6e0d6d,      1064177005, 0.92989,      1071396712, 1.72044
3f6e5209,      1064194569, 0.93094,      1071466568, 1.72877
3f6f7c6e,      1064270958, 0.93549,      1071641456, 1.74962
3f70346e,      1064318062, 0.93830,      1071698800, 1.75645
3f70727c,      1064333948, 0.93925,      1071762400, 1.76403
3f71236e,      1064379246, 0.94195,      1071812464, 1.77000
3f723021,      1064448033, 0.94605,      1071956232, 1.78714
3f73126f,      1064505967, 0.94950,      1072057208, 1.79918
3f73496f,      1064520047, 0.95034,      1072113528, 1.80589
3f74016f,      1064567151, 0.95315,      1072170872, 1.81273
3f754c18,      1064651800, 0.95819,      1072378048, 1.83743
3f75706f,      1064661103, 0.95875,      1072415608, 1.84190
3f762770,      1064707952, 0.96154,      1072471936, 1.84862
3f775f70,      1064787824, 0.96630,      1072660352, 1.87108
3f781670,      1064834672, 0.96909,      1072716672, 1.87779
3f784e70,      1064849008, 0.96995,      1072774016, 1.88463
3f790570,      1064895856, 0.97274,      1072830336, 1.89134
3f7b2c71,      1065036913, 0.98115,      1073132424, 1.92735
3f7c6371,      1065116529, 0.98589,      1073319816, 1.94969
3f7d1b71,      1065163633, 0.98870,      1073377160, 1.95653
3f7d5272,      1065177714, 0.98954,      1073433488, 1.96324
3f7e0a72,      1065224818, 0.99235,      1073490832, 1.97008
3f7f4172,      1065304434, 0.99709,      1073678224, 1.99242
3f000000,      1056964608, 0.50000,      1056964608, 0.50000
